#              k               1              b1              b2              b3              b4           b1*b1           b1*b2           b1*b3           b1*b4           b2*b2           b2*b4           b4*b4           b1*b5           b1*b6           b1*b7              b5              b6              b7
           0.005        -7.02465        -5.92923        -10.8567        -2.66439        -10.9578        -42.4005         77.9625        -11.1807         51.2396        -36.7785        -46.0151        -8.86408          1.0406        0.348524        0.209546        0.248153        0.149199        0.106694      0.00015732     5.88833e-05     3.69947e-05     4.19256e-05     2.63406e-05     1.92865e-05
          0.0075        -19.3176        -23.8175        -22.6521        -7.28242        -22.9633        -97.5976         175.336        -30.5955         118.656         -81.214        -102.614        -20.0616         2.93331        0.981259        0.589675        0.698668        0.419856        0.300161     0.000328077     0.000116645     7.18948e-05     8.30527e-05       5.119e-05     3.71095e-05
            0.01        -37.3357        -53.9544        -36.0739        -14.0216        -36.6302        -172.905         305.641        -58.9599         213.428        -138.644        -177.101        -35.3217         5.84045         1.95233         1.17288         1.39008        0.835106        0.596935     0.000918083     0.000331363      0.00020544     0.000235934     0.000146275     0.000106373
          0.0125        -59.4737        -93.9365         -49.515        -22.2656         -50.207        -265.722         464.498        -93.7018         334.534         -206.12        -266.289        -54.3642         9.60492         3.20869         1.92717         2.28462         1.37217        0.980698      0.00208846     0.000730328     0.000447247     0.000520002     0.000318445     0.000230065
           0.015         -83.705        -139.669         -61.902        -31.2741        -62.4835        -372.511         647.219        -131.723         479.599        -281.069        -367.181        -76.8748         13.9681         4.66353         2.80031         3.32049         1.99386         1.42485      0.00385825      0.00133761     0.000816343     0.000952395     0.000581246     0.000419163
          0.0175        -108.036        -186.827        -72.4295        -40.3352        -72.5415        -489.702         849.567        -170.037         646.167        -361.368        -477.371        -102.714          18.658         6.22572         3.73751         4.43278         2.66115         1.90149      0.00693211      0.00239871       0.0014628      0.00170791      0.00104153     0.000750782
            0.02         -130.87          -231.5        -80.8395        -48.9104        -80.0926        -613.315         1067.01        -206.372          830.47        -445.261        -594.581        -131.544         23.4166         7.80895          4.6869         5.56006         3.33713         2.38421       0.0107977      0.00370154      0.00224883      0.00263554      0.00160119      0.00115188
           0.025        -167.635        -301.755        -91.3255        -63.1866        -87.7703        -866.425         1532.51        -267.077         1238.64         -619.23        -844.285        -197.663         32.3443         10.7748         6.46442         7.67178         4.60274         3.28777       0.0228084      0.00780108      0.00473529      0.00555446      0.00337158      0.00242436
            0.03         -190.94        -340.813        -95.0785        -73.2374        -87.7765        -1112.33         2018.32        -310.016         1677.68        -796.541        -1107.41        -273.746         39.9463         13.2984          7.9767         9.46861          5.6795         4.05649       0.0400676       0.0136945      0.00831088      0.00975068      0.00591744      0.00425462
           0.035        -204.437        -356.879        -94.4508         -80.274        -83.1287        -1345.98         2508.05        -340.165         2128.65        -974.225         -1379.2        -358.412          46.489         15.4737         9.28149         11.0175         6.60853         4.72014       0.0628373       0.0214605        0.013021       0.0152802       0.0092711       0.0066653
            0.04         -214.15        -365.858        -90.8895        -86.1025        -75.6549        -1572.85         2993.82         -365.16         2582.05        -1150.99        -1657.07        -450.413          52.771         17.5662         10.5377         12.5073         7.50296         5.35944       0.0924989       0.0315728       0.0191537       0.0224802       0.0136376      0.00980403
           0.045        -225.968        -384.825         -84.594        -92.3393        -65.5405        -1804.58         3473.81        -392.036         3035.98        -1326.06        -1939.15        -548.609         59.7334         19.8778         11.9236         14.1532         8.48974         6.06422        0.131941       0.0450102       0.0273004       0.0320478       0.0194382       0.0139729
            0.05         -241.14         -418.21        -75.0206        -99.2401        -51.9801        -2046.24         3948.64         -422.07         3491.81        -1498.54        -2223.51        -651.983         67.6173         22.4761         13.4764         16.0033         9.59536         6.85246        0.183708       0.0625901       0.0379437       0.0445649       0.0270164       0.0194149
           0.055        -258.126        -462.235         -61.649        -106.293        -34.1798        -2296.92          4418.5        -453.199         3950.35        -1667.38        -2508.02        -759.577         76.1465           25.26          15.133         17.9854         10.7749         7.69141        0.249115       0.0846642       0.0512728       0.0602819       0.0365068       0.0262204
            0.06        -273.399        -505.594        -44.5551        -112.696        -12.0999        -2545.34         4881.56        -482.013         4409.63         -1831.6        -2790.66        -870.555         84.7477         28.0352         16.7764         19.9614          11.945         8.52132        0.328044        0.111096       0.0671823        0.079102       0.0478346       0.0343292
           0.065          -281.6        -531.575        -24.6377        -116.963         13.2266        -2776.88         5333.69        -501.777          4864.3        -1990.48        -3069.81        -984.189         92.1443         30.4013         18.1724         21.6461          12.939         9.22503        0.416604        0.140636       0.0849342        0.100134       0.0604741       0.0433697
            0.07        -280.241        -530.359        -3.39811        -118.621          39.971        -2977.67          5769.6        -510.049         5307.05        -2143.74        -3344.41        -1099.81         97.6659         32.1631         19.2113         22.9005         13.6786         9.74855        0.510714        0.172067        0.103836        0.122514       0.0739328       0.0530002
           0.075        -269.671        -501.128         17.5269        -117.824         66.1064        -3142.65         6184.13        -507.137         5730.54        -2291.37        -3613.71        -1216.68         101.113         33.2809         19.8756         23.6964         14.1516         10.0849        0.606455        0.204285        0.123276        0.145454       0.0877738       0.0629227
            0.08        -253.169        -452.776         36.8507        -115.417         90.0354        -3276.92         6573.82         -496.57         6129.49        -2433.52        -3877.17        -1334.01         102.954         33.9197         20.2664         24.1512           14.43         10.2861        0.702636        0.237033        0.143131         0.16877        0.101911       0.0730848
           0.085        -235.263        -399.222         53.9416        -112.485         110.986        -3393.23         6937.89        -483.222         6502.09        -2570.48        -4134.49        -1451.06         104.055         34.3543          20.545         24.4606         14.6283         10.4328        0.801928        0.271216         0.16395        0.193109        0.116734       0.0837652
            0.09        -219.982        -353.758         68.8564        -109.955         129.057        -3506.55         7278.32        -471.481         6850.12        -2702.66        -4385.68        -1567.26         105.324         34.8558         20.8661         24.8178         14.8569         10.6018        0.910382        0.308726        0.186833        0.219817        0.133027       0.0955143
           0.095        -209.636        -324.695         82.1457        -108.354         144.972        -3628.47         7598.83        -464.061         7177.72         -2830.4        -4630.84        -1682.25          107.42         35.6064         21.3298         25.3522         15.1871         10.8414         1.03506        0.351636        0.212952        0.250369        0.151625        0.108908
             0.1        -204.574        -314.106         94.5533         -107.76         159.696        -3764.74         7903.54        -461.623         7489.73        -2953.95           -4870        -1795.72         110.593         36.6596          21.961         26.1021         15.6365         11.1623         1.18092        0.401214        0.242975        0.285669        0.173001        0.124261
           0.105        -203.436        -318.099         106.726        -107.892          174.07        -3913.69          8195.6        -463.062         7789.98         -3073.3        -5102.91        -1907.39          114.68         37.9478         22.7165         27.0193         16.1744         11.5419         1.34897         0.45744        0.276809        0.325703        0.197091        0.141503
            0.11        -203.941        -329.134         119.037        -108.287          188.59        -4068.15         8477.15        -466.267         8080.99        -3188.48        -5329.48        -2017.16          119.23         39.3282         23.5127         28.0021         16.7413         11.9383         1.53653        0.519263        0.313792        0.369721        0.223423        0.160293
           0.115        -203.511        -338.097          131.53        -108.418         203.326         -4217.6         8749.05        -468.572         8363.66        -3299.63        -5549.85        -2125.04         123.589         40.6147         24.2461         28.9182         17.2635         12.3012          1.7372        0.584762         0.35283        0.416357        0.251219        0.180091
            0.12        -200.084        -337.007         143.919        -107.881         217.933        -4350.74         9010.81        -467.733         8637.09        -3406.93        -5764.27         -2231.1         127.113         41.6427         24.8296         29.6501          17.679         12.5894         1.94139        0.651408        0.392566         0.46381        0.279511        0.200249
           0.125        -192.948        -322.493         155.856        -106.524         231.976        -4461.17         9261.43        -462.629         8899.81        -3510.48        -5972.81        -2335.31         129.438         42.3372         25.2289         30.1446         17.9632         12.7881         2.14177        0.717503        0.432152        0.510871        0.307697        0.220381
            0.13        -183.109        -297.525         166.954        -104.547         244.967        -4550.94         9499.62        -454.064         9149.91        -3610.39        -6175.46        -2437.55         130.699         42.7531         25.4786         30.4407         18.1411         12.9154         2.33629        0.782773        0.471513        0.557344        0.335723        0.240472
           0.135        -171.888        -266.554         176.974        -102.211         256.605        -4624.87         9724.61        -443.287          9386.2        -3706.77        -6372.25        -2537.71         131.182         42.9791           25.63         30.6016         18.2489         12.9967         2.52644        0.847905        0.511095        0.603718        0.363905        0.260754
            0.14        -160.829        -235.269         185.879        -99.8198         266.846         -4690.9         9936.89        -431.915         9608.99        -3799.85        -6563.46        -2635.77         131.336         43.1361         25.7486         30.7134         18.3333         13.0634         2.71889        0.914804        0.551955        0.651351        0.392999        0.281741
           0.145         -151.05        -208.086         193.757         -97.603           275.8        -4756.19         10137.4        -421.298         9819.17        -3889.88        -6749.37        -2731.74         131.563         43.3217         25.8846         30.8455         18.4301         13.1388         2.92115        0.985396        0.595111        0.701614        0.423726        0.303912
            0.15        -143.194        -187.864         200.814        -95.6951         283.729        -4826.47         10327.4        -412.343         10018.3        -3976.96        -6930.05        -2825.56         132.177          43.603         26.0698         31.0458          18.562         13.2371         3.14107          1.0614        0.641393        0.755732         0.45668        0.327639
           0.155        -137.244         -174.97         207.265        -94.1178          290.91        -4904.21         10508.5        -405.376         10208.1        -4061.29        -7105.77        -2917.25         133.314         43.9972          26.309         31.3266         18.7323         13.3593         3.38259         1.14336        0.690959        0.814084        0.491971        0.352963
            0.16        -132.537        -167.113         213.283        -92.7608         297.564        -4986.97         10681.6        -399.877         10389.7        -4142.79        -7276.32        -3006.69          134.84         44.4613         26.5771          31.657         18.9232          13.493         3.64434         1.23057        0.743365        0.876184        0.529285        0.379651
            0.17        -124.313        -156.552         224.389        -90.2657         309.765        -5154.23         11007.7        -390.698           10733        -4298.13        -7603.29        -3179.35          138.27         45.4043            27.1         32.3284         19.2955         13.7483          4.2133         1.41659        0.854409         1.00863        0.608349        0.436033
            0.18        -114.689        -139.663          234.24        -87.5016         320.484        -5300.05         11309.4        -380.022         11051.5        -4443.99        -7912.63        -3344.16         140.837         46.0895         27.4768         32.8163         19.5638         13.9319         4.80315         1.60945        0.969637         1.14595        0.690393        0.494585
            0.19        -103.565        -114.292         242.516        -84.3895          329.32        -5415.06         11585.9        -366.518         11344.1        -4580.82        -8204.95        -3501.23         141.965         46.4605         27.6996         33.0804         19.7225         14.0456         5.38552         1.80489         1.08751          1.2851        0.774321        0.554754
             0.2        -92.9991         -88.818         249.164        -81.2874         336.193        -5513.69         11838.8        -352.305         11611.8        -4709.68        -8481.95        -3651.15         142.401          46.704         27.8651         33.2538         19.8403         14.1342         5.97899         2.00813         1.21084         1.42981        0.862131        0.617862
            0.21        -84.1096        -69.1067         254.441        -78.4419         341.424        -5611.13         12070.2        -339.455         11856.6        -4830.97        -8744.15        -3793.98         142.993         46.9682         28.0351         33.4419         19.9613         14.2229         6.61414         2.22445         1.34177         1.58383        0.955357        0.684769
            0.22        -76.5048        -54.3689         258.674        -75.8438         345.423        -5710.66         12283.6        -328.339         12082.5        -4945.39        -8992.74        -3930.15         143.959         47.2618         28.2047          33.651         20.0821         14.3074         7.30275         2.45438         1.48008         1.74755         1.05383        0.755248
            0.23        -69.4044        -41.1232          262.05        -73.3611         348.425         -5806.6         12481.5        -318.009         12292.3        -5053.55        -9228.77        -4060.09         144.934         47.5141         28.3426         33.8306         20.1803         14.3747         8.02944         2.69448         1.62409          1.9185         1.15637        0.828567
            0.24        -62.4921        -27.4013         264.632        -70.9291         350.505         -5892.9         12664.9        -307.726         12486.8        -5155.74        -9452.78        -4184.01         145.595         47.6875         28.4391         33.9541         20.2489         14.4224         8.77416         2.94176          1.7727         2.09457         1.26218        0.904309
            0.25        -55.9698        -13.9051         266.473        -68.5631         351.726        -5970.35         12835.2         -297.43         12667.5        -5252.58        -9665.87         -4302.4         145.917         47.7968         28.5053         34.0319         20.2961         14.4563         9.53362         3.19673         1.92643         2.27611         1.37164        0.982753
            0.26        -50.0174        -1.75362         267.654        -66.3034         352.185        -6042.41         16352.1        -287.488         12835.1        -5344.33        -9868.53        -4415.44         146.091         47.8758         28.5555         34.0881         20.3319         14.4822         10.3155          3.4605          2.0856         2.46392         1.48497         1.06397
            0.27        -44.6101         8.81172         268.274        -64.1615         351.999        -6111.61         13139.9        -278.138         12990.9         -5431.4        -10061.5        -4523.46         146.264         47.9403          28.594         34.1341         20.3593         14.5013         11.1295         3.73401         2.25039         2.65866          1.6023           1.148
            0.28        -39.6585         18.1156         268.414        -62.1231         351.271        -6178.33         13276.8        -269.339         13136.3        -5514.13        -10245.4        -4626.75          146.44         47.9873         28.6193         34.1675         20.3773         14.5134         11.9758         4.01677         2.42051         2.85999         1.72343         1.23471
            0.29        -35.0815         26.6291         268.138        -60.1717         350.075        -6241.41         13404.7        -260.934         13272.1        -5592.76        -10420.6        -4725.52         146.553         48.0097         28.6304         34.1835         20.3852         14.5186         12.8483         4.30784         2.59564         3.06724         1.84812         1.32398
             0.3        -30.8214         34.6033         267.493        -58.2987         348.467        -6300.31         13524.2        -252.827         13399.1        -5667.62          -10588        -4820.06         146.563         48.0064         28.6278         34.1811         20.3833         14.5173         13.7422         4.60666         2.77554            3.28         1.97622         1.41572
            0.31        -26.8532         41.9932         266.519        -56.5027         346.494         -6355.5           13636        -245.021         13517.8        -5738.85        -10747.6        -4910.53         146.485         47.9811         28.6127         34.1631         20.3726         14.5097         14.6569         4.91302         2.96002         3.49813         2.10757         1.50978
            0.32         -23.159         48.7374         265.255        -54.7834         344.203        -6407.74         13740.5        -237.553         13628.7        -5806.66          -10900        -4997.11         146.358         47.9386         28.5863         34.1328         20.3538         14.4958         15.5946         5.22684         3.14882         3.72157           2.242         1.60598
            0.33        -19.7288         54.8556         263.732        -53.1379         341.629        -6457.37         13838.1        -230.428         13732.4        -5871.17        -11045.3        -5079.91         146.201         47.8811         28.5496         34.0919         20.3277         14.4764         16.5565         5.54783         3.34168         3.95012         2.37932         1.70418
            0.34        -16.5779         60.3335         261.977        -51.5618           338.8        -6504.34           13929        -223.615         13829.1        -5932.41        -11183.7           -5159          146.01         47.8093         28.5039         34.0408         20.2951         14.4523         17.5407         5.87532         3.53821          4.1833         2.51925         1.80417
            0.35        -13.7107         65.1629         260.001        -50.0484         335.731        -6548.41         14013.1        -217.076         13918.5        -5990.31        -11314.9        -5234.29         145.773         47.7211         28.4483          33.978         20.2555         14.4232         18.5441         6.20816         3.73765         4.42028         2.66125         1.90555
            0.36        -11.0851         69.4532         257.811        -48.5917         332.428        -6589.28         14089.9        -210.786         14000.3        -6044.62        -11438.8        -5305.64         145.482         47.6133         28.3801         33.9012          20.207         14.3874         19.5628         6.54466         3.93879         4.65988         2.80446         2.00763
            0.37        -8.64512         73.3472         255.401        -47.1827          328.88        -6626.36         14158.7        -204.723         14073.9        -6095.07        -11554.3        -5372.63         145.139         47.4818         28.2956         33.8076         20.1468         14.3426         20.5941          6.8828         4.14007         4.90064         2.94778         2.10952
            0.38        -6.37411         76.8511         252.747        -45.8149         325.055        -6659.22         14218.1        -198.875         14137.7        -6140.92        -11660.5        -5434.75         144.736         47.3205         28.1899         33.6928         20.0716          14.286         21.6332         7.21965         4.33937         5.14048         3.08968         2.21002
            0.39        -4.29159         79.8762         249.815        -44.4795         320.908        -6686.92           14266        -193.212         14189.7        -6181.24        -11755.3         -5491.1         144.263          47.123         28.0587         33.5521         19.9781         14.2152         22.6737         7.55182         4.53435         5.37699         3.22851         2.30786
             0.4        -2.41356         82.3644         246.564        -43.1676         316.385        -6708.22         14299.7          -187.7         14227.3        -6214.85        -11836.6        -5540.58         143.703         46.8809         27.8966         33.3798         19.8627         14.1276         23.7071         7.87518         4.72223         5.60722         3.36228         2.40156
           0.005        -20.5558         -15.682        -21.4909        -5.24848        -21.6615        -17.6236         13.8843       -0.259038         14.1329       -0.760476        -1.10322       -0.307888       0.0266316        0.685856        0.585603        0.488337        0.416956        0.347015     0.000103476     8.19418e-05     5.92033e-05     5.83435e-05     4.21535e-05     3.25569e-05
          0.0075        -56.7705        -58.6732        -44.5658        -14.3808        -45.0304        -41.9784         31.3873       -0.548109         32.8909        -1.62074        -2.36217       -0.663204       0.0579091         1.93722         1.65547         1.37932         1.17871        0.981263     0.000131297     0.000163217      0.00012799     0.000116212     9.11302e-05     7.34682e-05
            0.01        -109.901        -129.707        -70.3923        -27.7062        -71.0627        -74.8495         55.2292       -0.879794         59.5348        -2.73421        -4.03144        -1.16042       0.0976263          3.8591         3.29912         2.74773         2.34901         1.95574     0.000271741      0.00058903     0.000485614     0.000419396     0.000345763     0.000285048
          0.0125        -175.148        -222.932         -95.637        -43.9851        -96.0907        -113.642         84.7794        -1.19208         93.7608        -4.02795        -6.02231        -1.78787        0.141342         6.34425         5.42469         4.51718         3.86244         3.21588     0.000482525      0.00128036      0.00105695     0.000911629     0.000752561      0.00061928
           0.015        -246.438        -328.697        -118.107        -61.7343        -117.634        -155.239         119.109        -1.42937         134.654          -5.384        -8.15362        -2.48836        0.183408         9.21915         7.88367         6.56414         5.61327         4.67358     0.000604061      0.00247277      0.00207378      0.00176064      0.00147656      0.00122251
          0.0175        -317.808        -436.895        -136.202        -79.5309        -133.874        -196.715         157.534        -1.56259         181.408        -6.83503        -10.5214        -3.32946        0.221379         12.3006          10.519         8.75818         7.48965         6.23558      0.00101969        0.004515      0.00379595      0.00321473      0.00270276      0.00224006
            0.02         -384.48        -538.477        -149.486        -96.3052        -144.346        -235.385         198.819        -1.58667         232.466        -8.23316        -12.8623        -4.20117        0.251809         15.4165         13.1833         10.9768         9.38666         7.81443       0.0012276      0.00700486      0.00591054      0.00498755      0.00420837      0.00349054
           0.025        -490.612        -695.183        -162.107        -124.006        -148.795        -297.023         286.643        -1.43769         342.721        -10.9892        -17.7352        -6.19656        0.300909         21.2295         18.1509         15.1157         12.9237          10.757      0.00222714       0.0150063       0.0127036       0.0106846      0.00904511      0.00751191
            0.03        -555.959        -777.672        -160.386        -143.224        -136.835        -333.981         375.747        -1.34621         455.893        -13.4886        -22.4819        -8.35351        0.366976         26.1479         22.3487         18.6176         15.9126         13.2421      0.00356287       0.0265995       0.0225614       0.0189391        0.016064       0.0133516
           0.035        -591.828        -806.235        -149.801        -156.465        -115.517        -352.118         461.651         -1.5533         565.818        -15.6358        -26.8999        -10.5627        0.483292         30.3725         25.9488         21.6256         18.4758          15.372       0.0052207       0.0418839       0.0355633       0.0298219       0.0253215       0.0210543
            0.04         -616.54        -818.405        -133.605        -167.345        -88.9387        -362.507         542.563        -1.93669         670.155        -17.3773        -30.8674        -12.7649         0.63819         34.4342         29.4066         24.5175         20.9379         17.4172      0.00736762       0.0617796       0.0524857       0.0439878       0.0373705       0.0310788
           0.045        -647.798        -853.372        -112.221        -179.011        -57.4649        -376.695         618.581        -1.91611         769.126          -18.68         -34.303        -14.9147        0.745005         38.9178         33.2256           27.71          23.657         19.6757       0.0101287       0.0882616       0.0750166       0.0628433       0.0534127       0.0444265
            0.05        -689.265        -920.536        -84.4722        -191.901        -19.3352        -397.084         690.356       -0.997711         863.581        -19.4978        -37.0807        -16.9629        0.710167         43.9385         37.5061         31.2848         26.7048         22.2062       0.0132297        0.122937        0.104542       0.0875327       0.0744354       0.0619191
           0.055        -736.217        -1010.33        -49.3071        -204.971         27.0631        -420.194           758.1         1.03528         953.618        -19.8021        -39.0702          -18.81        0.469285         49.2817         42.0651         35.0892         29.9509         24.8997       0.0160256        0.166371         0.14156        0.118458        0.100792       0.0838464
            0.06         -777.99        -1096.13        -7.02629        -216.641         81.6136        -436.679         821.336         4.10899         1038.27        -19.6442        -40.2561         -20.375      0.00243878          54.559         46.5703         38.8467         33.1586         27.5587       0.0178716        0.218098        0.185675        0.155288        0.132203        0.109966
           0.065        -798.813         -1140.9         40.3083        -224.165         141.894        -436.501         879.083         7.05853         1115.85        -19.1556        -40.7663        -21.6218       -0.505414         59.0188         50.3739         42.0221         35.8668         29.8005       0.0191785        0.275678        0.234781        0.196286        0.167167        0.139029
            0.07        -791.554        -1123.97         89.4366        -226.772         203.901        -414.621         930.429         8.84776         1184.84        -18.5048        -40.8102        -22.5513       -0.854807          62.323          53.183         44.3747         37.8669         31.4532       0.0210077         0.33696        0.287013         0.23992        0.204356        0.169937
           0.075        -757.596        -1045.68         136.946        -224.901         263.396        -373.794         974.898         8.69371         1244.48        -17.7842        -40.4967        -23.1478       -0.859494         64.4367         54.9651         45.8797         39.1358         32.4993       0.0247674         0.40012        0.340784         0.28489        0.242642        0.201762
            0.08        -706.885        -927.686         180.294         -220.22         317.225        -323.121         1012.66         6.59055         1295.04        -16.9871         -39.806         -23.385       -0.467972         65.6995         56.0115         46.7788         39.8808         33.1126       0.0314136         0.46487        0.395835        0.330993        0.281839        0.234358
           0.085        -652.826        -801.657         218.386        -214.747         364.073        -273.766          1044.6         3.31139         1337.82        -16.0807        -38.7187        -23.2849        0.205894         66.6283         56.7682         47.4402         40.4196         33.5571       0.0410341        0.532977        0.453677        0.379486        0.323023        0.268625
            0.09        -607.079        -696.349         251.562        -210.111         404.439        -234.346            1072       0.0505393         1374.63        -15.0593        -37.2992        -22.9411        0.927769         67.7045          57.653         48.2064         41.0496          34.079       0.0526846        0.607917        0.517311        0.432844        0.368332        0.306335
           0.095        -576.094        -628.448         281.115        -207.155         440.025        -208.263            1096        -2.01898         1407.06         -13.926        -35.6309        -22.4614         1.42725         69.2255         58.9261         49.2894         41.9561         34.8306        0.064293         0.69332        0.589888        0.493652        0.420007        0.349341
             0.1        -560.525        -600.488         308.631        -205.907         472.894        -193.673         1117.28        -2.14218         1436.04        -12.6785        -33.7548        -21.9113         1.49292         71.2493          60.641         50.7304         43.1771         35.8416       0.0730462        0.791086        0.673094        0.563263        0.479251        0.398621
           0.105        -556.139        -602.372         335.389        -205.792         504.713        -185.027          1135.8       -0.197543         1461.57        -11.2837        -31.6205        -21.2837         1.04391         73.6264           62.67         52.4229         44.6218         37.0354        0.076455        0.900655        0.766495        0.641277        0.545753        0.453898
            0.11        -556.193        -617.027         362.062         -205.98         536.373        -175.837         1151.35         3.33952         1483.28        -9.77578        -29.2653        -20.5756        0.148523         76.0924         64.7845         54.1787         46.1273         38.2765       0.0735421         1.01975        0.868153        0.726073        0.618135        0.514011
           0.115        -553.339        -625.376         388.649        -205.606         567.901        -160.912         1163.68         7.36012         1500.78        -8.23036        -26.7837        -19.7882       -0.945521         78.3384         66.7137         55.7779          47.501         39.4059       0.0659579         1.14498        0.975119        0.815238        0.694296        0.577221
            0.12        -541.934        -612.128         414.569        -204.084         598.581        -138.428         1172.88         10.5158         1514.06        -6.71468        -24.2542        -18.9112         -1.8732         80.1209         68.2407          57.047         48.5882         40.2973       0.0587315          1.2725         1.08399        0.906036        0.771811         0.64154
           0.125        -520.329        -572.454         439.164        -201.286          627.59        -110.668         1179.24         11.6556         1523.45        -5.26478          -21.71        -17.9189        -2.29954          81.364         69.2932         57.9321         49.3376         40.9103       0.0572577         1.40018          1.1928        0.996943        0.849287        0.705845
            0.13        -491.574        -513.814          461.77        -197.601         654.091        -81.9574         1183.32         10.7429         1529.69        -3.87124        -19.1171        -16.7868        -2.16329         82.1853         69.9716         58.5169         49.8206         41.3052       0.0643967         1.52806         1.30155         1.08799        0.926716        0.770153
           0.135        -459.452        -445.865         482.052        -193.467         677.674        -56.0751         1185.95         8.18935         1533.85        -2.54314        -16.5196         -15.542        -1.52931          82.741         70.4121         58.9126         50.1342         41.5629       0.0813068         1.65764          1.4115         1.18026           1.005        0.835229
            0.14        -428.205        -379.766          500.05         -189.34          698.37        -35.2757         1187.77          4.8564         1536.82        -1.27596         -13.945        -14.2302       -0.621477         83.2167         70.7797         59.2513          50.396         41.7798        0.105466         1.79201         1.52536         1.27593         1.08608        0.902671
           0.145        -400.751          -323.3          516.01        -185.519         716.522         -19.626         1189.22         1.69786         1539.22      -0.0557302        -11.4127        -12.8981        0.286455         83.7436         71.1938         59.6264         50.6908         42.0253        0.132478         1.93396         1.64565           1.377         1.17172        0.973936
            0.15         -378.62        -280.711         530.339        -182.149         732.639        -7.29612         1190.32       -0.464168         1541.11         1.12599        -8.94185        -11.5876        0.920233         84.3962         71.7246         60.0911         51.0688         42.3393        0.155733         2.08548         1.77423         1.48489         1.26327          1.0501
           0.155        -361.517        -251.218         543.428        -179.196         747.226          4.8564         1190.86        -1.08501         1542.25         2.28641        -6.52975         -10.324         1.08099         85.1701          72.373         60.6421         51.5304         42.7208        0.169589         2.24653         1.91119         1.59956         1.36079         1.13117
            0.16        -347.542        -229.828         555.549         -176.48         760.629         18.9955         1190.51       -0.345879         1542.23         3.39435        -4.23635        -9.13865        0.793692         85.9902         73.0731          61.226         52.0289         43.1308        0.172637         2.41556         2.05524         1.71991         1.46335         1.21636
            0.17        -322.306        -193.329         577.389        -171.198         784.542         55.1833         1185.94         3.29982          1537.1         5.46897       0.0547318        -6.94864       -0.583125         87.5135         74.3936         62.3106         52.9691         43.8987        0.153606         2.77127         2.35895         1.97318          1.6796         1.39584
            0.18          -293.6        -145.915         595.979        -165.586          804.55         93.2186         1176.16         5.91882         1525.05          7.3309         4.01708        -4.86649        -1.68661         88.6153         75.3437         63.0951         53.6456         44.4475        0.136195          3.1412         2.67459         2.23657         1.90434          1.5823
            0.19         -262.12        -89.5785         611.047        -159.784           820.3         118.417         1163.68         5.13269         1509.14         8.84246         7.45059        -2.91799        -1.54675         89.3581         75.9526         63.6241         54.0791         44.8004        0.158069         3.52397         2.99998         2.50911         2.13602         1.77469
             0.2         -233.04        -38.4572         622.862        -154.219         832.125         130.477         1150.75         2.58624         1492.41         10.1443         10.5721        -1.03509       -0.675629          89.982         76.4426         64.0682          54.428         45.0877        0.210184         3.92699         3.34182         2.79606         2.37942         1.97696
            0.21         -208.39         2.10769         632.015        -149.015         840.765         140.837         1138.26        0.866877         1476.03         11.1424         13.1182        0.586394      -0.0882511         90.5795          76.922         64.4937         54.7694         45.3689        0.255433         4.35326         3.70374         3.09957         2.63711         2.19109
            0.22         -186.69         36.3923         639.009        -144.057         846.853         157.652         1125.22        0.920938         1458.88         11.9247         15.2086         1.95924       -0.232668         91.1006         77.3597         64.8647          55.081         45.6229        0.269554         4.80003         4.08403         3.41768         2.90788         2.41595
            0.23        -166.214         68.9727         644.106        -139.247         850.715         178.494         1110.79          1.6999         1439.87         12.5641         16.9964         3.16522       -0.703957         91.4961         77.7002         65.1463         55.3235         45.8183        0.266169         5.26389         4.47933         3.74795         3.18934         2.64958
            0.24        -146.623         100.414         647.467        -134.602         852.544         195.448         1095.38         2.03141         1419.46         12.9634          18.314         4.14388       -0.971371         91.7856         77.9443         65.3524         55.4972         45.9574        0.273143         5.74423          4.8883         4.08996         3.48053         2.89131
            0.25        -128.507         128.835         649.303        -130.168         852.598         205.796         1079.41         1.62636          1398.3         13.2813         19.4728          5.0509        -0.87565          92.012          78.124         65.5137         55.6252         46.0602        0.301858         6.24262         5.31195         4.44482         3.78217         3.14178
            0.26        -112.066         153.704         649.834        -125.949         851.143         212.392         1063.58         1.00011         1377.24         13.4338         20.3001         5.79534       -0.652607         92.1923         78.2611          65.642         55.7228         46.1383        0.340531         6.75927         5.75081         4.81268         4.09464         3.40127
            0.27        -97.0249         175.918         649.247        -121.917          848.41         219.265         1047.84        0.626345         1356.26          13.481         20.8975         6.41401       -0.547389         92.3201         78.3577          65.733         55.7916         46.1924        0.372243         7.29306         6.20447         5.19275         4.41765         3.66947
            0.28        -83.2081         195.938         647.685        -118.054          844.57         227.337         1031.87        0.537988         1335.02         13.5053          21.424         6.98087        -0.58954         92.3943         78.4145         65.7858          55.832         46.2229        0.392979         7.84315         6.67234         5.58442         4.75079         3.94603
            0.29        -70.5473         213.807         645.272         -114.36         839.772         234.762         1015.79        0.511313         1313.63         13.4497         21.7708         7.44549        -0.66077         92.4248         78.4362         65.8075         55.8475          46.233        0.411421         8.40947         7.15414         5.98764         5.09383         4.23082
             0.3        -58.8972         229.788         642.124        -110.829         834.154         240.438         999.341        0.388942         1291.86         13.4926         22.2873         7.97845       -0.669639         92.4191         78.4261         65.8035         55.8403         46.2249        0.435323          8.9918         7.64941         6.40227         5.44647          4.5236
            0.31        -48.0737         244.304         638.336        -107.446          827.83         244.747         982.682        0.196057         1269.92         13.6308         22.9688         8.57848        -0.62704         92.3752         78.3817         65.7722         55.8087         46.1966        0.464537         9.58908         8.15717         6.82754           5.808         4.82374
            0.32        -37.9412         257.706          633.98        -104.197         820.884         248.918         965.461       0.0352979         1247.46         14.0493         24.1727         9.41609       -0.595986         92.2895         78.3014         65.7112         55.7515         46.1469        0.492379         10.1996         8.67609         7.26222         6.17748         5.13041
            0.33         -28.504         269.977         629.103        -101.077          813.37         253.658         947.068      -0.0538346         1223.89          15.023         26.4349         10.7497       -0.606682         92.1651         78.1894         65.6227         55.6717         46.0782         0.51395         10.8221         9.20528         7.70545         6.55427         5.44309
            0.34        -19.8982         280.665         623.744        -98.0843         805.328         258.813         926.836       -0.100742         1198.52         16.8495         30.3359         12.8602       -0.644795         92.0093          78.052         65.5117         55.5739         45.9946        0.528958         11.4554         9.74378         8.15635         6.93769          5.7612
            0.35         -12.187         289.489         617.914        -95.2112         796.769         264.514          903.33       -0.135952         1169.93          20.182         37.1478         16.3618       -0.693251         91.8208         77.8878         65.3775          55.457         45.8955        0.536694         12.0967         10.2893         8.61302          7.3261         6.08339
            0.36        -5.21286          296.82          611.61        -92.4399         787.684         271.588         874.984       -0.154978         1136.53         25.7348          48.263         21.9275       -0.757045         91.5882         77.6866         65.2119         55.3137         45.7744        0.533876         12.7415         10.8378         9.07208         7.71662         6.40721
            0.37         1.25052         303.264         604.788        -89.7464         778.011         281.655         839.402       -0.116957         1095.94          34.582         65.7726         30.5661       -0.868246          91.293         77.4327         65.0017          55.133         45.6218        0.512216          13.383         11.3837         9.52883          8.1053         6.72929
            0.38          7.2724         308.947         597.355        -87.1093         767.632         296.356         793.612       0.0130479         1045.14         48.0367         92.2347         43.5129        -1.05814          90.916         77.1103         64.7332         54.9034         45.4278        0.461895          14.013         11.9202         9.97745         8.48732         7.04553
            0.39         12.7626         313.524         589.204        -84.5113         756.404         316.999         734.375        0.254144         980.879         67.5234         130.426         62.1098        -1.34767         90.4407         76.7061         64.3949         54.6157         45.1848        0.373629          14.623         12.4402         10.4118         8.85759         7.35167
             0.4          17.629         316.653          580.21        -81.9351         744.164         344.941         658.071        0.615404         899.484         94.6427         183.468         87.8673        -1.75123         89.8498         76.2061         63.9741         54.2597         44.8843        0.238183         15.2031         12.9357         10.8248         9.21036          7.6429
           0.005        -9.66126         -5.5469        0.156747       -0.309141        0.210103       0.0802554     -0.00269427     0.000166112     -0.00163024     0.000237961     0.000247026     6.47431e-08    -1.04214e-05     1.44243e-05         0.22935     1.02703e-05          0.1633        0.222676     2.36165e-07     4.76367e-06    -0.000213635     3.39179e-06    -0.000152111    -0.000208962
          0.0075        -26.7721        -15.6602        0.680602      0.00873217        0.916568        0.388205       -0.015631     0.000825209       -0.011777      0.00135046      0.00160147     0.000199227    -5.67631e-05    -0.000439413        0.651947    -0.000312867        0.464194        0.633133     3.18398e-07     -8.0116e-06    -1.21288e-05    -5.70435e-06    -8.63583e-06    -9.17834e-06
            0.01        -51.8711        -30.6054         1.81088       0.0340788         2.44569         1.11517      -0.0481796      0.00245261      -0.0397457       0.0040495      0.00491323     0.000691197    -0.000176004     -0.00214432         1.30045     -0.00152678        0.925934         1.26333     6.14572e-07     1.66611e-05     0.000225263     1.18629e-05      0.00016039      0.00021333
          0.0125        -82.6152         -48.909         3.71535       0.0890251         5.02444         2.43882       -0.115877      0.00542912        -0.10428      0.00914866       0.0112876      0.00171059    -0.000406077       -0.006544         2.13679      -0.0046594         1.52142         2.07677     1.00109e-06     1.01591e-05     0.000355192     7.23342e-06     0.000252901     0.000341592
           0.015        -116.027        -68.5451         6.45819        0.182756         8.73298         4.48254       -0.232086      0.00986153       -0.223006       0.0171212       0.0213257      0.00333204    -0.000766118      -0.0147773         3.10129      -0.0105216         2.20816         3.01589     2.14277e-06     1.80196e-05      0.00072952     1.28302e-05     0.000519427      0.00070251
          0.0175        -149.205        -87.5128         10.0375        0.318359          13.562          7.3173         -0.4108       0.0155196       -0.415431       0.0286402       0.0362035      0.00601553     -0.00125438      -0.0276747         4.13031      -0.0197047         2.94083         4.01915      2.8115e-06     6.54553e-05      0.00138329     4.66049e-05     0.000984918      0.00132193
            0.02        -179.814        -104.145         14.3475        0.492453         19.3594         10.9144       -0.665422       0.0218731       -0.700979       0.0433942       0.0553737      0.00951299      -0.0018277      -0.0456741         5.16448      -0.0325205         3.67717         5.02908     5.44805e-06     4.70957e-05       0.0021499     3.35327e-05      0.00153075      0.00207223
           0.025        -227.038        -125.948         24.5966        0.908523         33.0659         20.0223         -1.4196       0.0344138        -1.57901       0.0836347        0.109429       0.0207753     -0.00305161      -0.0917749         7.07177      -0.0653448         5.03519         6.89582     1.02742e-05     0.000149337       0.0047171      0.00010633      0.00335863      0.00453178
            0.03        -253.715        -131.605         35.9514         1.31688         48.1248         30.5983        -2.48892        0.045744         -2.8558        0.136263        0.182683       0.0380085     -0.00433591       -0.137713         8.65642      -0.0980534         6.16348         8.44924     1.74906e-05     0.000314821      0.00846646     0.000224156      0.00602822      0.00811868
           0.035        -265.796        -126.578         47.4399         1.64433         63.2383          41.353        -3.79866       0.0604642        -4.43576         0.19862        0.272436       0.0612206       -0.006431        -0.17055          9.9948       -0.121433         7.11641          9.7593     2.92596e-05     0.000513029       0.0133791     0.000365283      0.00952608       0.0128245
            0.04        -272.507        -118.639          58.631         1.91285         77.8669         51.5474        -5.25736       0.0864461         -6.2054        0.268214        0.376356       0.0905815      -0.0107466        -0.19349         11.2685       -0.137768         8.02328         11.0033      4.1934e-05     0.000768293       0.0197361     0.000547034       0.0140524       0.0189143
           0.045        -282.464        -114.369         69.5231         2.25409         92.0514         61.3519        -6.81953        0.122284        -8.11922        0.342982        0.493345        0.127272      -0.0175145       -0.234466         12.6657       -0.166943          9.0181          12.373     4.30892e-05      0.00111234       0.0282064     0.000791997       0.0200833        0.027027
            0.05         -297.28        -114.243         80.2474         2.77396         105.997         71.3849        -8.50779        0.155102        -10.2248        0.418976        0.619095        0.171649      -0.0249395       -0.322047          14.214       -0.229301         10.1205         13.9045     2.75385e-05      0.00146738       0.0393061      0.00104479       0.0279864       0.0376888
           0.055        -314.501        -115.355         90.8139         3.50803         119.729         82.3131        -10.3842        0.161583        -12.6162        0.489506        0.743619        0.221549      -0.0288183       -0.473393         15.8345       -0.337061         11.2744         15.5269     1.57723e-05      0.00163371        0.053129      0.00116322       0.0378285       0.0510558
            0.06        -328.842        -112.379          101.02         4.42159         132.978         94.1761        -12.4918        0.108246        -15.3517        0.548242        0.855955        0.273235      -0.0221851       -0.689561         17.3975       -0.490975         12.3872         17.1145     5.79877e-05      0.00140534       0.0693907      0.00100062        0.049407       0.0669193
           0.065        -333.198        -100.827         110.518         5.23546         145.283         106.127        -14.8012      0.00847291        -18.3772        0.593717        0.952262        0.324897      -0.0056038       -0.906997         18.6808       -0.645792          13.301         18.4312     0.000176651     0.000921606       0.0873035     0.000656194       0.0621611       0.0844696
            0.07        -324.684        -79.8253         118.982         5.72024         156.203         116.688        -17.1885       -0.101701        -21.5069        0.631581         1.03958        0.376745       0.0154293        -1.06103         19.6031       -0.755469         13.9576         19.3767     0.000350755     0.000536012        0.106305     0.000381647       0.0756907        0.103047
           0.075        -304.543        -52.3858         126.247         5.72108         165.526         124.531        -19.4615        -0.15906        -24.4705        0.665887         1.12108        0.426393       0.0283469        -1.09699         20.1804       -0.781067         14.3687         19.9491      0.00050557     0.000694567        0.126001      0.00049454        0.089714         0.12212
            0.08        -277.786        -23.7427          132.37         5.27012         173.332         129.181         -21.426       -0.111892        -27.0098        0.694394         1.18833        0.466156       0.0205101        -1.00675         20.5328        -0.71682         14.6196         20.2619     0.000550022       0.0016622         0.14641      0.00118351        0.104245        0.141623
           0.085        -250.618          1.3306         137.578         4.56882         179.929         131.307        -22.9613        0.048305        -28.9783         0.71083         1.22799        0.488109      -0.0134156       -0.834412         20.8142       -0.594111         14.8199         20.4789     0.000401323      0.00339719        0.168082      0.00241884        0.119676        0.162102
            0.09        -228.031         20.4383         142.154         3.89564         185.699         132.446        -24.0781        0.277501         -30.405        0.714734         1.24135        0.494459      -0.0672949       -0.657741         21.1503       -0.468319         15.0593         20.7472     2.17267e-07      0.00553013        0.192006      0.00393752        0.136711        0.184634
           0.095         -212.41         33.9871          146.32         3.50348         190.939         134.292        -24.9003         0.49003        -31.4649        0.709582         1.24009         0.49502       -0.123426        -0.55902         21.6027       -0.398029         15.3813         21.1536    -0.000613233        0.007386        0.219081      0.00525892        0.155989        0.210312
             0.1        -203.504         44.3828         150.163         3.53386         195.774         138.127        -25.5975        0.588165        -32.3879        0.696252         1.23015        0.496862       -0.157467       -0.595589         22.1641       -0.424066         15.7811           21.71     -0.00120514      0.00815075         0.24958      0.00580343        0.177704        0.239667
           0.105        -199.087         54.6205         153.635         3.98171         200.143         144.242        -26.2838        0.496905        -33.3372        0.658972         1.18537        0.491698       -0.146647       -0.780548         22.7792       -0.555759         16.2191         22.3673     -0.00137174      0.00721172        0.283042      0.00513483        0.201529        0.272458
            0.11        -196.125         66.9813         156.622         4.71549           203.9         151.941        -27.0222        0.186578        -34.3918        0.593365         1.09669        0.475511      -0.0770522        -1.08125         23.3757       -0.769866         16.6438         23.0448    -0.000712532      0.00446088        0.318663       0.0031762        0.226892        0.307943
           0.115        -191.703         82.0343         159.014          5.4881         206.897         159.659        -27.8081       -0.276891        -35.5284        0.508848        0.978017        0.451837       0.0415416        -1.41714         23.8885        -1.00902         17.0089         23.6532     0.000902168     0.000542655        0.355615     0.000386377        0.253202        0.345114
            0.12        -183.932         98.3421         160.806         6.02992         209.123         165.464        -28.5762       -0.740742        -36.6404        0.419355        0.849909        0.425074        0.170098        -1.68387         24.2845        -1.19893         17.2909         24.1261      0.00299341     -0.00305976        0.393312     -0.00217858        0.280043        0.382913
           0.125        -172.705         113.106         162.066         6.14165          210.66         168.009        -29.2233       -0.998127        -37.5796        0.329108        0.712797        0.388466        0.251673        -1.79767         24.5766        -1.27996         17.4988         24.4477      0.00476465     -0.00492085        0.431701      -0.0035037        0.307376        0.420815
            0.13        -159.479         124.513         162.951         5.84876         211.708         167.461        -29.6532       -0.979928        -38.2212        0.232055        0.550704        0.330274        0.260519        -1.75394         24.8049        -1.24882         17.6614         24.6553      0.00560695      -0.0044139        0.471071     -0.00314275        0.335408         0.45889
           0.135        -145.791          131.97         163.649         5.26205         212.508         164.725        -29.8364        -0.68111        -38.5315        0.121546        0.349576         0.24193        0.184923        -1.58364         25.0056        -1.12757         17.8043         24.7939      0.00492677     -0.00148122        0.511914     -0.00105465        0.364489        0.497586
            0.14        -133.028         136.199         164.293         4.56559         213.234         161.278        -29.8331       -0.184749        -38.5894       0.0055907        0.127151        0.133693        0.042697         -1.3562         25.2074       -0.965633          17.948         24.9141      0.00266359      0.00295689         0.55481      0.00210534        0.395031        0.537763
           0.145        -121.954          138.94         164.964         3.94159         213.992          158.53        -29.7368        0.364954        -38.5218       -0.111767       -0.102213       0.0176472       -0.128108        -1.14658         25.4195       -0.816376          18.099         25.0495    -0.000819093      0.00758173        0.600074      0.00539828         0.42726         0.58016
            0.15        -112.769         142.289         165.643         3.52939         214.762         157.474        -29.6089        0.801211        -38.4211       -0.236191       -0.342737       -0.102354       -0.273671        -1.02103          25.637       -0.726987         18.2538         25.2178     -0.00434037       0.0107344        0.647637      0.00764303        0.461125        0.625266
           0.155        -105.019         148.148         166.251         3.39966         215.445         158.351        -29.5124        0.958542        -38.3692       -0.362484       -0.581861       -0.217046       -0.336607        -1.01783         25.8411        -0.72471         18.3992          25.414      -0.0063756       0.0112582        0.696963        0.008016        0.496246        0.672957
            0.16        -97.9858         156.769         166.704         3.49611         215.934         160.484        -29.4012         0.81662        -38.3229       -0.507526       -0.847267        -0.33561        -0.30202        -1.11888         26.0175       -0.796656         18.5248         25.6186     -0.00609159      0.00912924        0.747591      0.00650012        0.532294        0.722807
            0.17        -84.3275         178.757         166.869         3.98153         215.981         164.968        -29.0507      -0.0965483        -38.0991       -0.808179        -1.37796        -0.55228      0.00110874        -1.47117         26.2779        -1.04749         18.7102           25.99      0.00188358     -0.00024291        0.852052    -0.000172955        0.606671        0.827387
            0.18        -70.3567         197.098         166.073         4.20938         214.807         165.377        -28.2683       -0.956322        -37.3168        -1.10406        -1.90163       -0.763426        0.320793        -1.70659         26.4677        -1.21511         18.8453         26.2554       0.0128467     -0.00773938        0.961641     -0.00551053          0.6847        0.936384
            0.19         -57.438          204.47         164.794         3.90708         213.009         162.228        -27.1134       -0.908009        -36.0079        -1.37948        -2.41572       -0.993704        0.318821        -1.66236         26.6714        -1.18362         18.9904         26.4389       0.0145283     -0.00652225         1.07877     -0.00464392        0.768099         1.04974
             0.2        -46.4705         205.436         163.471         3.41215         211.155         159.615        -26.0297       -0.194319         -34.738        -1.62271        -2.89407        -1.22989       0.0444562        -1.49912         26.8898        -1.06739         19.1459         26.5939      0.00515609    -0.000705314         1.20377    -0.000502192          0.8571         1.16908
            0.21        -36.7733         208.117         162.156         3.08674         209.321         158.942        -25.3066        0.370546        -33.8959        -1.81798        -3.28414        -1.42939       -0.191227         -1.4201         27.0651        -1.01113         19.2707         26.7349     -0.00459268      0.00200933         1.33433      0.00143066        0.950057         1.29481
            0.22         -27.491         215.014         160.677          2.9924         207.287         158.278        -24.8113         0.29508         -33.332          -1.965        -3.56907        -1.56775       -0.163648        -1.47118         27.1662         -1.0475         19.3427           26.85     -0.00333346     -0.00127609         1.46853    -0.000908592         1.04561          1.4262
            0.23        -18.6846         222.671         158.934         2.95166         204.925         155.811        -24.2258       -0.155103          -32.64        -2.07313        -3.77023        -1.65718       0.0368549        -1.55076         27.2241        -1.10416         19.3839          26.935      0.00731906     -0.00648674         1.60726     -0.00461863         1.14439         1.56274
            0.24        -10.8116         227.354         156.998         2.84011         202.319         152.383        -23.5171       -0.477581        -31.7416        -2.10921        -3.83389        -1.68136        0.188355        -1.57768         27.2768        -1.12333         19.4214         26.9972       0.0164154     -0.00906308         1.75217     -0.00645302         1.24756         1.70441
            0.25        -3.91737         229.269         154.983         2.66702         199.618         149.918        -22.7707        -0.43579        -30.7607        -2.10737        -3.83173         -1.6804          0.1688        -1.55481         27.3318        -1.10704         19.4605         27.0429       0.0159164     -0.00880531         1.90359     -0.00626948         1.35538         1.85134
            0.26         2.37352         230.701         152.941         2.50901         196.888         149.001        -22.2526       -0.197421        -30.0229        -2.03483        -3.69751        -1.62092       0.0480455        -1.53452         27.3694         -1.0926         19.4873          27.071      0.00839564     -0.00872954         2.06014     -0.00621554         1.46685          2.0032
            0.27          8.2965         232.825         150.852         2.39569         194.107          148.43        -22.0014       -0.034518        -29.5927        -1.89964        -3.44011        -1.50155       -0.038372        -1.54088         27.3799        -1.09713         19.4948          27.082      0.00251049      -0.0107809         2.22079     -0.00767609         1.58123         2.15975
            0.28         13.6586         234.776           148.7         2.29942          191.25         146.771        -21.8967      -0.0498433        -29.3303        -1.71942        -3.09118        -1.33488      -0.0313057        -1.55573         27.3749         -1.1077         19.4913          27.082      0.00327627      -0.0139934           2.386     -0.00996347         1.69886          2.3212
            0.29         18.2526         235.358         146.506         2.18929         188.344         143.931        -21.9186       -0.158724        -29.1836        -1.45616        -2.57739        -1.08588        0.027799        -1.55485          27.369        -1.10707         19.4871         27.0769      0.00810677      -0.0163233         2.55676      -0.0116223         1.82044         2.48783
             0.3         22.2471         234.783         144.303         2.06774         185.432         140.965        -21.9912       -0.232401        -29.0684        -1.13748        -1.95423       -0.782414       0.0674441         -1.5388         27.3615        -1.09564         19.4817          27.065       0.0112015      -0.0177209         2.73284      -0.0126175         1.94581         2.65929
            0.31         26.0042         234.221         142.103         1.95935          182.53         138.965        -22.3113       -0.221286        -29.1933       -0.696105         -1.0923         -0.3652       0.0565465        -1.52741         27.3388        -1.08754         19.4655         27.0391      0.00911418        -0.01993         2.91276      -0.0141904         2.07392         2.83467
            0.32         29.7076         234.326          139.89         1.87859         179.616         138.012         -23.045       -0.164304        -29.7447      -0.0852149        0.100442        0.212454       0.0162367         -1.5347         27.2924        -1.09272         19.4325         26.9958      0.00321716       -0.024804         3.09501      -0.0176607         2.20369          3.0131
            0.33         33.2172         234.642         137.635         1.81655         176.655         137.451        -24.4114       -0.116791        -30.9524        0.780631         1.79077         1.03096      -0.0198023         -1.5554         27.2276        -1.10746         19.3864         26.9391     -0.00353282      -0.0326687         3.27918      -0.0232605         2.33482         3.19436
            0.34         36.2511          234.24         135.322         1.75708         173.624         136.774        -26.7749      -0.0986104        -33.1798         2.06884         4.30466         2.24779      -0.0389592        -1.57684          27.155        -1.12273         19.3347         26.8752      -0.0103532       -0.043039         3.46531      -0.0306443         2.46734         3.37832
            0.35          38.701         232.714         132.934         1.69669         170.501         136.075        -30.4812        -0.09306         -36.773         3.93406         7.94305         4.00813      -0.0523659        -1.59694         27.0755        -1.13704          19.278         26.8043      -0.0191015      -0.0567898         3.65215       -0.040435         2.60037         3.56405
            0.36         40.7438         230.502         130.443         1.64614         167.254          136.04        -36.0732       -0.071515        -42.2795         6.61286         13.1661         6.53355      -0.0803375        -1.62695         26.9783        -1.15841         19.2088         26.7192      -0.0332766      -0.0765575         3.83673      -0.0545099          2.7318         3.74944
            0.37         42.6333         228.277         127.801         1.62089          163.82         137.283        -44.0207      -0.0206501         -50.184         10.2946         20.3428         10.0024        -0.13329        -1.68369         26.8477        -1.19881         19.1158         26.6099      -0.0551968       -0.106193         4.01488      -0.0756104         2.85864         3.93167
            0.38         44.4392         226.227         124.944         1.62846         160.118         139.945        -54.6234       0.0568423        -60.8049         15.0876         29.6849         14.5174       -0.209963        -1.77707         26.6725        -1.26529         18.9911         26.4689      -0.0853733       -0.148998         4.18245       -0.106088         2.97796         4.10776
            0.39           46.04         223.983         121.812         1.66782         156.073         143.679        -67.8088        0.149322        -74.0857          20.936         41.0857         20.0284       -0.301911        -1.90829         26.4485        -1.35873         18.8317         26.2925       -0.122693       -0.206945         4.33609       -0.147347         3.08735         4.27511
             0.4          47.294         221.084         118.361         1.73458         151.627         147.801        -82.8032        0.244756        -89.2662         27.4693         53.8269         26.1905        -0.39911         -2.0746         26.1736        -1.47714         18.6359         26.0779       -0.164657       -0.281079         4.47275       -0.200131         3.18465         4.43114
